{
 "cells": [
  {
   "cell_type": "code",
   "execution_count": 2,
   "id": "a011028c-947b-4056-862d-b089c0619597",
   "metadata": {},
   "outputs": [],
   "source": [
    "import sys\n",
    "import os\n",
    "import gc\n",
    "import warnings\n",
    "import numpy as np\n",
    "import pandas as pd\n",
    "from sklearn.mixture import GaussianMixture\n",
    "from scipy.stats import norm\n",
    "from scipy.optimize import brentq\n",
    "\n",
    "# Add local modules\n",
    "sys.path.append('.')\n",
    "import BTSSlayers as btss\n",
    "\n",
    "# Suppress warnings\n",
    "warnings.filterwarnings(\"ignore\")"
   ]
  },
  {
   "cell_type": "code",
   "execution_count": 3,
   "id": "4a11bf5e-339f-4819-a233-a97fd57d902f",
   "metadata": {},
   "outputs": [],
   "source": [
    "def find_intersection(mean1, std1, mean2, std2):\n",
    "    \"\"\"Find intersection between two Gaussian PDFs.\"\"\"\n",
    "    func = lambda x: norm.pdf(x, mean1, std1) - norm.pdf(x, mean2, std2)\n",
    "    a = min(mean1 - 3 * std1, mean2 - 3 * std2)\n",
    "    b = max(mean1 + 3 * std1, mean2 + 3 * std2)\n",
    "    \n",
    "    if func(a) * func(b) > 0:\n",
    "        return (mean1 + mean2) / 2\n",
    "    try:\n",
    "        return brentq(func, a, b)\n",
    "    except ValueError:\n",
    "        return (mean1 + mean2) / 2\n",
    "\n",
    "def get_gmm_thresholds_iki(log_iki_series):\n",
    "    \"\"\"\n",
    "    Fits 3-component GMM to LogIKI data and returns thresholds.\n",
    "    Returns dictionary with gmm_iki_auto and gmm_iki_cons.\n",
    "    \"\"\"\n",
    "    X = log_iki_series.dropna().values.reshape(-1, 1)\n",
    "    # Default NaNs\n",
    "    res = {'GMM_Threshold_LogIKI': np.nan, 'gmm_iki_auto': np.nan, 'gmm_iki_cons': np.nan}\n",
    "    \n",
    "    # Needs enough data points\n",
    "    if len(X) < 5: \n",
    "        return res\n",
    "\n",
    "    try:\n",
    "        # --- 2 Component  ---\n",
    "        gmm2 = GaussianMixture(n_components=2, random_state=42)\n",
    "        gmm2.fit(X)\n",
    "        means2 = gmm2.means_.flatten()\n",
    "        stds2 = np.sqrt(gmm2.covariances_.flatten())\n",
    "        order2 = np.argsort(means2)\n",
    "        res['GMM_Threshold_LogIKI'] = find_intersection(means2[order2[0]], stds2[order2[0]], \n",
    "                                                        means2[order2[1]], stds2[order2[1]])\n",
    "\n",
    "        # --- 3 Component ---\n",
    "        gmm3 = GaussianMixture(n_components=3, random_state=42)\n",
    "        gmm3.fit(X)\n",
    "        means = gmm3.means_.flatten()\n",
    "        stds = np.sqrt(gmm3.covariances_.flatten())\n",
    "        order = np.argsort(means)\n",
    "        \n",
    "        # Automatic Threshold: Intersection of Comp 0 & 1 (Fastest & Middle)\n",
    "        res['gmm_iki_auto'] = find_intersection(means[order[0]], stds[order[0]], \n",
    "                                                means[order[1]], stds[order[1]])\n",
    "        # Conscious Threshold: Intersection of Comp 1 & 2 (Middle & Slowest)\n",
    "        res['gmm_iki_cons'] = find_intersection(means[order[1]], stds[order[1]], \n",
    "                                                means[order[2]], stds[order[2]])\n",
    "    except Exception:\n",
    "        pass\n",
    "        \n",
    "    return res"
   ]
  },
  {
   "cell_type": "code",
   "execution_count": 64,
   "id": "bb12b244-d9fd-4bc9-88e8-074c7d21d902",
   "metadata": {},
   "outputs": [],
   "source": [
    "def process_single_session(session_name, tables):\n",
    "    \"\"\"\n",
    "    Computes all metrics for a SINGLE session data dictionary.\n",
    "    \"\"\"\n",
    "    results = {'StudySession': session_name}\n",
    "    \n",
    "    au = tables.get('au1')\n",
    "    kd = tables.get('kd')\n",
    "    tt = tables.get('tt')\n",
    "    \n",
    "    if au is None or kd is None or tt is None or kd.empty:\n",
    "        return None\n",
    "\n",
    "    # --- 1. AU Metrics (LogPUB, LogKBI) ---\n",
    "    if not au.empty and 'PUB' in au.columns and 'KBI' in au.columns:\n",
    "        \n",
    "        # from the PERL implementation\n",
    "        pub_val = au['PUB'].iloc[0] \n",
    "        kbi_val = au['KBI'].iloc[0]\n",
    "\n",
    "        # this is actually a variant of Munoz method: call this KBI1 / PUB1 \n",
    "        results['PUB1'] = pub_val if pub_val > 0 else np.nan\n",
    "        results['KBI1'] = kbi_val if kbi_val > 0 else np.nan\n",
    "        \n",
    "        # keep multiplication factor to compare with the other thresholds\n",
    "        results['LogPUB1'] = np.log(pub_val) if pub_val > 0 else np.nan\n",
    "        results['LogKBI1'] = np.log(kbi_val) if kbi_val > 0 else np.nan\n",
    "#        results['LogPUB'] = np.log(pub_val / 3) if pub_val > 0 else np.nan\n",
    "#        results['LogKBI'] = np.log(kbi_val / 2) if kbi_val > 0 else np.nan\n",
    "    else:\n",
    "        results['LogPUB1'] = np.nan\n",
    "        results['LogKBI1'] = np.nan\n",
    "\n",
    "    # --- 2. Calculate Standard IKI (NextPause - NextDur) ---\n",
    "    kd['NextChar'] = kd['Char'].shift(-1).fillna('_')\n",
    "    kd['BI'] = (kd['Char'] + kd['NextChar']).astype(str)\n",
    "    \n",
    "    kd['NextType'] = kd['Type'].shift(-1).fillna(kd['Type'])\n",
    "    kd['NextPause'] = kd['Pause'].shift(-1).fillna(kd['Pause'])\n",
    "    kd['NextDur'] = kd['Dur'].shift(-1).fillna(kd['Dur'])\n",
    "    kd['IKI'] = kd['NextPause'] - kd['NextDur']\n",
    "    \n",
    "    # Border Logic\n",
    "    conditions = [\n",
    "        kd['BI'].str.match(r\"__\"),     # SS\n",
    "        kd['BI'].str.match(r\"_[^_]\"),  # SW\n",
    "        kd['BI'].str.match(r\"[^_]_\"),  # WS\n",
    "        kd['BI'].str.match(r\"[^_][^_]\")# WW\n",
    "    ]\n",
    "    choices = ['SS', 'SW', 'WS', 'WW']\n",
    "    kd['Border'] = np.select(conditions, choices, default='XX')\n",
    "\n",
    "    # --- 3. Compute Stats ---\n",
    "    lang = kd['TL'].iloc[0] if 'TL' in kd.columns else 'en'\n",
    "    chunk_length = 1.5 if lang in ['zh', 'ja'] else 3\n",
    "\n",
    "    valid_mask = (kd['Type'] == 'Mins') & (kd['NextType'] == 'Mins')\n",
    "    valid_rows = kd[valid_mask]\n",
    "\n",
    "    if lang in ['zh', 'ja']:\n",
    "        if not valid_rows.empty:\n",
    "            dur_per_stroke = valid_rows['Dur'] / valid_rows['Strokes']\n",
    "            counts = valid_rows['Strokes'].values\n",
    "            WW = np.repeat(dur_per_stroke.values, counts.astype(int)) \n",
    "            BW = valid_rows['IKI'].values\n",
    "            SW = valid_rows['IKI'].values\n",
    "            WS = valid_rows['IKI'].values\n",
    "    else:\n",
    "        WW = valid_rows.loc[valid_rows['Border'] == 'WW', 'IKI'].values\n",
    "        SW = valid_rows.loc[valid_rows['Border'] == 'SW', 'IKI'].values\n",
    "        WS = valid_rows.loc[valid_rows['Border'] == 'WS', 'IKI'].values\n",
    "        BW = valid_rows.loc[(valid_rows['Border'] == 'SW') | (valid_rows['Border'] == 'WS') , 'IKI'].values #+ valid_rows.loc[valid_rows['Border'] == 'WS', 'IKI'].values\n",
    "        \n",
    "    # Word Length (wl) calculation from TT\n",
    "    chars_count = tt['TToken'].str.len().sum()\n",
    "    words_count = len(tt)\n",
    "    wl = chars_count / words_count if words_count > 0 else 1\n",
    "\n",
    "    # Medians\n",
    "    median_ww = np.median(WW) if len(WW) > 0 else 0\n",
    "    median_bw = np.median(BW) if len(BW) > 0 else 0\n",
    "    median_sw = np.median(SW) if len(WS) > 0 else 0\n",
    "    median_ws = np.median(WS) if len(WS) > 0 else 0\n",
    "\n",
    "    results['WW'] = median_ww\n",
    "    results['BW'] = median_bw\n",
    "    results['SW'] = median_sw\n",
    "    results['WS'] = median_ws\n",
    "\n",
    "    \n",
    "    # Aachen Micro-Unit Delimiter \n",
    "    std_ww = np.std(WW) if len(WW) > 0 else 0\n",
    "    results['MUD'] = int(median_ww) + 2*std_ww\n",
    "    results['LogMUD'] =  np.log(results['MUD'])\n",
    "    \n",
    "    # Munoz sespites: RSP / Task-segment Pauses: TSP\n",
    "    results['RSP'] = 2 * int(median_ww)\n",
    "    results['TSP'] = 3 * int(median_sw)\n",
    "    results['LogTSP'] = np.log(results['TSP'])\n",
    "\n",
    "    # PUB2 (Quantile based on average word length and word cluster size)\n",
    "    q_target = max(0.0, min(1.0, 1 - (1 / (wl * chunk_length))))\n",
    "    results['PUB'] = int(np.quantile(kd['IKI'].dropna(), q_target)) if not kd['IKI'].dropna().empty else 0\n",
    "    results['LogPUB'] = np.log(results['PUB'])\n",
    "\n",
    "\n",
    "    # quantile of threshold measures\n",
    "    results['Q_PUB1'] = np.mean(kd['IKI'] < results['PUB1'])\n",
    "    results['Q_KBI'] = np.mean(kd['IKI'] < results['KBI1'])\n",
    "    results['Q_MUD'] = np.mean(kd['IKI'] < results['MUD'])\n",
    "    results['Q_PUB'] = np.mean(kd['IKI'] < results['PUB'])\n",
    "    results['Q_TSP'] = np.mean(kd['IKI'] < results['TSP'])\n",
    "    results['Q_RSP'] = np.mean(kd['IKI'] < results['RSP'])\n",
    "            \n",
    "    \n",
    "    # --- 4. LogIKI Calculation (Based on Time Diff) ---\n",
    "    kd = kd.sort_values('Time')\n",
    "    kd['IKI_TimeDiff'] = kd['Time'].diff()\n",
    "    \n",
    "    # Filter valid positive values for Log calculation\n",
    "    valid_time_diffs = kd['IKI_TimeDiff'][kd['IKI_TimeDiff'] > 0].dropna()\n",
    "    log_iki = np.log(valid_time_diffs)\n",
    "    \n",
    "    # Quantile_iki: Explicitly 75th percentile of LogIKI\n",
    "#    results['LogQ75'] = np.quantile(log_iki, 0.75) if not log_iki.empty else np.nan\n",
    "    \n",
    "    # Quantile_iki: Explicitly 75th percentile of LogIKI\n",
    "    results['Q75'] = np.quantile(kd['IKI'], 0.75) \n",
    "    results['LogQ75'] = np.log(results['Q75'])\n",
    "\n",
    "    # --- 5. GMM Analysis (LogIKI) ---\n",
    "    gmm_res = get_gmm_thresholds_iki(log_iki)\n",
    "    results.update(gmm_res)\n",
    "\n",
    "    return results"
   ]
  },
  {
   "cell_type": "code",
   "execution_count": 65,
   "id": "f15fcc61-7e27-4cf2-861e-a68bd44595f0",
   "metadata": {
    "scrolled": true
   },
   "outputs": [
    {
     "name": "stdout",
     "output_type": "stream",
     "text": [
      "Reading session list...\n",
      "Processing 490 sessions sequentially...\n",
      "  Processed 0/490 sessions... (Memory Cleanup)\n",
      "  Processed 10/490 sessions... (Memory Cleanup)\n",
      "  Processed 20/490 sessions... (Memory Cleanup)\n",
      "  Processed 30/490 sessions... (Memory Cleanup)\n",
      "  Processed 40/490 sessions... (Memory Cleanup)\n",
      "  Processed 50/490 sessions... (Memory Cleanup)\n",
      "  Processed 60/490 sessions... (Memory Cleanup)\n",
      "  Processed 70/490 sessions... (Memory Cleanup)\n",
      "  Processed 80/490 sessions... (Memory Cleanup)\n",
      "  Processed 90/490 sessions... (Memory Cleanup)\n",
      "  Processed 100/490 sessions... (Memory Cleanup)\n",
      "  Processed 110/490 sessions... (Memory Cleanup)\n",
      "  Processed 120/490 sessions... (Memory Cleanup)\n",
      "  Processed 130/490 sessions... (Memory Cleanup)\n",
      "  Processed 140/490 sessions... (Memory Cleanup)\n",
      "  Processed 150/490 sessions... (Memory Cleanup)\n",
      "  Processed 160/490 sessions... (Memory Cleanup)\n",
      "  Processed 170/490 sessions... (Memory Cleanup)\n",
      "  Processed 180/490 sessions... (Memory Cleanup)\n",
      "  Processed 190/490 sessions... (Memory Cleanup)\n",
      "  Processed 200/490 sessions... (Memory Cleanup)\n",
      "  Processed 210/490 sessions... (Memory Cleanup)\n",
      "  Processed 220/490 sessions... (Memory Cleanup)\n",
      "  Processed 230/490 sessions... (Memory Cleanup)\n",
      "  Processed 240/490 sessions... (Memory Cleanup)\n",
      "  Processed 250/490 sessions... (Memory Cleanup)\n",
      "  Processed 260/490 sessions... (Memory Cleanup)\n",
      "  Processed 270/490 sessions... (Memory Cleanup)\n",
      "  Processed 280/490 sessions... (Memory Cleanup)\n",
      "  Processed 290/490 sessions... (Memory Cleanup)\n",
      "  Processed 300/490 sessions... (Memory Cleanup)\n",
      "  Processed 310/490 sessions... (Memory Cleanup)\n",
      "  Processed 320/490 sessions... (Memory Cleanup)\n",
      "  Processed 330/490 sessions... (Memory Cleanup)\n",
      "  Processed 340/490 sessions... (Memory Cleanup)\n",
      "  Processed 350/490 sessions... (Memory Cleanup)\n",
      "  Processed 360/490 sessions... (Memory Cleanup)\n",
      "  Processed 370/490 sessions... (Memory Cleanup)\n",
      "  Processed 380/490 sessions... (Memory Cleanup)\n",
      "  Processed 390/490 sessions... (Memory Cleanup)\n",
      "  Processed 400/490 sessions... (Memory Cleanup)\n",
      "  Processed 410/490 sessions... (Memory Cleanup)\n",
      "  Processed 420/490 sessions... (Memory Cleanup)\n",
      "  Processed 430/490 sessions... (Memory Cleanup)\n",
      "  Processed 440/490 sessions... (Memory Cleanup)\n",
      "  Processed 450/490 sessions... (Memory Cleanup)\n",
      "  Processed 460/490 sessions... (Memory Cleanup)\n",
      "  Processed 470/490 sessions... (Memory Cleanup)\n",
      "  Processed 480/490 sessions... (Memory Cleanup)\n"
     ]
    }
   ],
   "source": [
    "print(\"Reading session list...\")\n",
    "GD = pd.read_csv('sorted.gaze.clean.txt', sep=\"\\t\", dtype=None)\n",
    "session_list = GD['Study-Session'].unique()\n",
    "\n",
    "all_session_data = []\n",
    "\n",
    "print(f\"Processing {len(session_list)} sessions sequentially...\")\n",
    "\n",
    "L = {}\n",
    "\n",
    "for i, session in enumerate(session_list):\n",
    "    if i % 10 == 0:\n",
    "        print(f\"  Processed {i}/{len(session_list)} sessions... (Memory Cleanup)\")\n",
    "        gc.collect()\n",
    "    try:\n",
    "        # Read only specific session\n",
    "        tables = btss.readBTSSsessions([session], layers=['au1', 'fd', 'kd', 'tt'], verbose=0)\n",
    "        \n",
    "        row_metrics = process_single_session(session, tables)\n",
    "        \n",
    "        kd = tables.get('kd')\n",
    "        sl = kd['SL'].iloc[0] if 'SL' in kd.columns else 'en'\n",
    "        tl = kd['TL'].iloc[0] if 'TL' in kd.columns else 'en'\n",
    "\n",
    "        lng = f\"{sl}-{tl}\"\n",
    "        L.setdefault(lng, 0)\n",
    "        L[lng] += 1\n",
    "        \n",
    "        if row_metrics:\n",
    "            all_session_data.append(row_metrics)\n",
    "            \n",
    "        del tables\n",
    "        \n",
    "    except Exception as e:\n",
    "        print(f\"  Error processing session {session}: {e}\")\n",
    "        continue"
   ]
  },
  {
   "cell_type": "code",
   "execution_count": null,
   "id": "c0433ab3-a0cc-401f-a12f-5aaa17974ae0",
   "metadata": {},
   "outputs": [],
   "source": []
  },
  {
   "cell_type": "code",
   "execution_count": 66,
   "id": "88cefe9a-8f6a-46d5-b169-0510bc945a4b",
   "metadata": {},
   "outputs": [
    {
     "name": "stdout",
     "output_type": "stream",
     "text": [
      "Creating final DataFrame...\n"
     ]
    }
   ],
   "source": [
    "print(\"Creating final DataFrame...\")\n",
    "final_df = pd.DataFrame(all_session_data)\n",
    "\n",
    "#final_df['GMM'] = 3 * final_df.gmm_iki_cons\n",
    "\n",
    "          \n",
    "rename = {'GMM_Threshold_LogIKI' : '2GMM',\n",
    "          'gmm_iki_auto' : '3Ga',\n",
    "          'gmm_iki_cons' : '3Gr'\n",
    "         }\n",
    "          \n",
    "final_metrics = final_df.rename(columns=rename)\n",
    "\n",
    "\n",
    "X = '''\n",
    "StudySession', 'PUB', 'KBI', 'LogPUB', 'LogKBI', 'BW', 'SW', 'WS',\n",
    "       'Aachen', 'LogAachen', 'RSP', 'TSP', 'LogTSP', 'CHK', 'LogCHK',\n",
    "       'QBW_PUB', 'QBW_KBI', 'QBW_Aachen', 'QBW_CHK', 'QBW_TSP', 'QWW_RSP',\n",
    "       'Q75', 'GMM_Threshold_LogIKI', 'gmm_iki_auto', 'gmm_iki_cons'\n",
    "\n",
    "cols_to_save = [\n",
    "    #\"StudySession\", \n",
    "    'BW', 'BW1', 'BW2',\n",
    "    \"KBI\",\"PUB\",\"A\",\"AW\", \"B\", \"M\", \n",
    "    \"LogKBI\", \"LogPUB\", \"LogA\",\"LogAW\",\"LogB\",\"LogM\",\n",
    "    \"Q75\", #\"QWW2\", \"QBW0\", \"QBW1\", \"QBW2\",\"QBW3\", \n",
    "    \"GMM_Threshold_LogIKI\", \"gmm_iki_auto\", \"gmm_iki_cons\", \n",
    "]\n",
    "\n",
    "for c in cols_to_save:\n",
    "    if c not in final_df.columns:\n",
    "        final_df[c] = np.nan\n",
    "\n",
    "final_metrics = final_df[cols_to_save]\n",
    "'''\n"
   ]
  },
  {
   "cell_type": "code",
   "execution_count": 63,
   "id": "f2af0fcf-4e58-4965-bb8e-9d76e8333112",
   "metadata": {},
   "outputs": [
    {
     "data": {
      "text/plain": [
       "Index(['StudySession', 'PUB1', 'KBI1', 'LogPUB1', 'LogKBI1', 'BW', 'SW', 'WS',\n",
       "       'MUD', 'LogMUD', 'RSP', 'TSP', 'LogTSP', 'PUB', 'LogPUB', 'Q_PUB1',\n",
       "       'Q_KBI', 'Q_MUD', 'Q_PUB', 'Q_TSP', 'Q_RSP', 'Q_75', '2GMM', '3Ga',\n",
       "       '3Gr', 'GMM'],\n",
       "      dtype='object')"
      ]
     },
     "execution_count": 63,
     "metadata": {},
     "output_type": "execute_result"
    }
   ],
   "source": [
    "#print(final_metrics.head(5))\n",
    "#print(FM.head(5))\n",
    "final_df.columns\n",
    "final_metrics.columns"
   ]
  },
  {
   "cell_type": "code",
   "execution_count": 68,
   "id": "f21401b5-df6e-48da-93e8-525a0a172881",
   "metadata": {},
   "outputs": [
    {
     "data": {
      "text/html": [
       "<div>\n",
       "<style scoped>\n",
       "    .dataframe tbody tr th:only-of-type {\n",
       "        vertical-align: middle;\n",
       "    }\n",
       "\n",
       "    .dataframe tbody tr th {\n",
       "        vertical-align: top;\n",
       "    }\n",
       "\n",
       "    .dataframe thead th {\n",
       "        text-align: right;\n",
       "    }\n",
       "</style>\n",
       "<table border=\"1\" class=\"dataframe\">\n",
       "  <thead>\n",
       "    <tr style=\"text-align: right;\">\n",
       "      <th></th>\n",
       "      <th>SW</th>\n",
       "      <th>WW</th>\n",
       "      <th>RSP</th>\n",
       "      <th>MUD</th>\n",
       "      <th>TSP</th>\n",
       "      <th>PUB</th>\n",
       "      <th>LogMUD</th>\n",
       "      <th>LogTSP</th>\n",
       "      <th>LogPUB</th>\n",
       "      <th>Q_PUB</th>\n",
       "      <th>Q_KBI</th>\n",
       "      <th>Q_MUD</th>\n",
       "      <th>Q_TSP</th>\n",
       "      <th>Q_RSP</th>\n",
       "      <th>Q75</th>\n",
       "      <th>3Ga</th>\n",
       "      <th>3Gr</th>\n",
       "      <th>2GMM</th>\n",
       "    </tr>\n",
       "  </thead>\n",
       "  <tbody>\n",
       "    <tr>\n",
       "      <th>SW</th>\n",
       "      <td>1.000000</td>\n",
       "      <td>0.853550</td>\n",
       "      <td>0.853557</td>\n",
       "      <td>0.440511</td>\n",
       "      <td>1.000000</td>\n",
       "      <td>0.721088</td>\n",
       "      <td>0.444314</td>\n",
       "      <td>0.887292</td>\n",
       "      <td>0.625879</td>\n",
       "      <td>-0.155615</td>\n",
       "      <td>-0.225854</td>\n",
       "      <td>-0.003730</td>\n",
       "      <td>0.414637</td>\n",
       "      <td>-0.190215</td>\n",
       "      <td>0.900475</td>\n",
       "      <td>-0.091443</td>\n",
       "      <td>0.475222</td>\n",
       "      <td>-0.110045</td>\n",
       "    </tr>\n",
       "    <tr>\n",
       "      <th>WW</th>\n",
       "      <td>0.853550</td>\n",
       "      <td>1.000000</td>\n",
       "      <td>1.000000</td>\n",
       "      <td>0.441782</td>\n",
       "      <td>0.853560</td>\n",
       "      <td>0.625887</td>\n",
       "      <td>0.445836</td>\n",
       "      <td>0.729871</td>\n",
       "      <td>0.531542</td>\n",
       "      <td>-0.186502</td>\n",
       "      <td>0.052104</td>\n",
       "      <td>0.069367</td>\n",
       "      <td>0.283517</td>\n",
       "      <td>0.113568</td>\n",
       "      <td>0.927084</td>\n",
       "      <td>-0.102415</td>\n",
       "      <td>0.453559</td>\n",
       "      <td>-0.148265</td>\n",
       "    </tr>\n",
       "    <tr>\n",
       "      <th>RSP</th>\n",
       "      <td>0.853557</td>\n",
       "      <td>1.000000</td>\n",
       "      <td>1.000000</td>\n",
       "      <td>0.441805</td>\n",
       "      <td>0.853567</td>\n",
       "      <td>0.625916</td>\n",
       "      <td>0.445880</td>\n",
       "      <td>0.729909</td>\n",
       "      <td>0.531600</td>\n",
       "      <td>-0.186493</td>\n",
       "      <td>0.052045</td>\n",
       "      <td>0.069368</td>\n",
       "      <td>0.283503</td>\n",
       "      <td>0.113526</td>\n",
       "      <td>0.927088</td>\n",
       "      <td>-0.102419</td>\n",
       "      <td>0.453584</td>\n",
       "      <td>-0.148206</td>\n",
       "    </tr>\n",
       "    <tr>\n",
       "      <th>MUD</th>\n",
       "      <td>0.440511</td>\n",
       "      <td>0.441782</td>\n",
       "      <td>0.441805</td>\n",
       "      <td>1.000000</td>\n",
       "      <td>0.440524</td>\n",
       "      <td>0.508691</td>\n",
       "      <td>0.882483</td>\n",
       "      <td>0.448363</td>\n",
       "      <td>0.511305</td>\n",
       "      <td>-0.016939</td>\n",
       "      <td>-0.124428</td>\n",
       "      <td>0.479940</td>\n",
       "      <td>0.012655</td>\n",
       "      <td>-0.094964</td>\n",
       "      <td>0.467853</td>\n",
       "      <td>-0.020581</td>\n",
       "      <td>0.360604</td>\n",
       "      <td>0.018125</td>\n",
       "    </tr>\n",
       "    <tr>\n",
       "      <th>TSP</th>\n",
       "      <td>1.000000</td>\n",
       "      <td>0.853560</td>\n",
       "      <td>0.853567</td>\n",
       "      <td>0.440524</td>\n",
       "      <td>1.000000</td>\n",
       "      <td>0.721101</td>\n",
       "      <td>0.444329</td>\n",
       "      <td>0.887274</td>\n",
       "      <td>0.625886</td>\n",
       "      <td>-0.155583</td>\n",
       "      <td>-0.225822</td>\n",
       "      <td>-0.003697</td>\n",
       "      <td>0.414617</td>\n",
       "      <td>-0.190189</td>\n",
       "      <td>0.900474</td>\n",
       "      <td>-0.091451</td>\n",
       "      <td>0.475223</td>\n",
       "      <td>-0.110062</td>\n",
       "    </tr>\n",
       "    <tr>\n",
       "      <th>PUB</th>\n",
       "      <td>0.721088</td>\n",
       "      <td>0.625887</td>\n",
       "      <td>0.625916</td>\n",
       "      <td>0.508691</td>\n",
       "      <td>0.721101</td>\n",
       "      <td>1.000000</td>\n",
       "      <td>0.550083</td>\n",
       "      <td>0.686285</td>\n",
       "      <td>0.931054</td>\n",
       "      <td>0.045741</td>\n",
       "      <td>-0.332274</td>\n",
       "      <td>-0.054162</td>\n",
       "      <td>-0.090544</td>\n",
       "      <td>-0.261538</td>\n",
       "      <td>0.713951</td>\n",
       "      <td>0.008453</td>\n",
       "      <td>0.583013</td>\n",
       "      <td>0.053070</td>\n",
       "    </tr>\n",
       "    <tr>\n",
       "      <th>LogMUD</th>\n",
       "      <td>0.444314</td>\n",
       "      <td>0.445836</td>\n",
       "      <td>0.445880</td>\n",
       "      <td>0.882483</td>\n",
       "      <td>0.444329</td>\n",
       "      <td>0.550083</td>\n",
       "      <td>1.000000</td>\n",
       "      <td>0.514843</td>\n",
       "      <td>0.626122</td>\n",
       "      <td>0.000291</td>\n",
       "      <td>-0.209960</td>\n",
       "      <td>0.588991</td>\n",
       "      <td>-0.045415</td>\n",
       "      <td>-0.172280</td>\n",
       "      <td>0.486698</td>\n",
       "      <td>-0.022178</td>\n",
       "      <td>0.475239</td>\n",
       "      <td>0.087697</td>\n",
       "    </tr>\n",
       "    <tr>\n",
       "      <th>LogTSP</th>\n",
       "      <td>0.887292</td>\n",
       "      <td>0.729871</td>\n",
       "      <td>0.729909</td>\n",
       "      <td>0.448363</td>\n",
       "      <td>0.887274</td>\n",
       "      <td>0.686285</td>\n",
       "      <td>0.514843</td>\n",
       "      <td>1.000000</td>\n",
       "      <td>0.709400</td>\n",
       "      <td>-0.164536</td>\n",
       "      <td>-0.364477</td>\n",
       "      <td>0.005391</td>\n",
       "      <td>0.476144</td>\n",
       "      <td>-0.327387</td>\n",
       "      <td>0.814728</td>\n",
       "      <td>-0.060372</td>\n",
       "      <td>0.560436</td>\n",
       "      <td>0.005819</td>\n",
       "    </tr>\n",
       "    <tr>\n",
       "      <th>LogPUB</th>\n",
       "      <td>0.625879</td>\n",
       "      <td>0.531542</td>\n",
       "      <td>0.531600</td>\n",
       "      <td>0.511305</td>\n",
       "      <td>0.625886</td>\n",
       "      <td>0.931054</td>\n",
       "      <td>0.626122</td>\n",
       "      <td>0.709400</td>\n",
       "      <td>1.000000</td>\n",
       "      <td>0.075691</td>\n",
       "      <td>-0.410935</td>\n",
       "      <td>-0.012327</td>\n",
       "      <td>-0.148278</td>\n",
       "      <td>-0.344888</td>\n",
       "      <td>0.628848</td>\n",
       "      <td>0.016830</td>\n",
       "      <td>0.649138</td>\n",
       "      <td>0.145141</td>\n",
       "    </tr>\n",
       "    <tr>\n",
       "      <th>Q_PUB</th>\n",
       "      <td>-0.155615</td>\n",
       "      <td>-0.186502</td>\n",
       "      <td>-0.186493</td>\n",
       "      <td>-0.016939</td>\n",
       "      <td>-0.155583</td>\n",
       "      <td>0.045741</td>\n",
       "      <td>0.000291</td>\n",
       "      <td>-0.164536</td>\n",
       "      <td>0.075691</td>\n",
       "      <td>1.000000</td>\n",
       "      <td>0.430118</td>\n",
       "      <td>0.476968</td>\n",
       "      <td>0.097391</td>\n",
       "      <td>0.390561</td>\n",
       "      <td>-0.300600</td>\n",
       "      <td>-0.000894</td>\n",
       "      <td>-0.211371</td>\n",
       "      <td>-0.046901</td>\n",
       "    </tr>\n",
       "    <tr>\n",
       "      <th>Q_KBI</th>\n",
       "      <td>-0.225854</td>\n",
       "      <td>0.052104</td>\n",
       "      <td>0.052045</td>\n",
       "      <td>-0.124428</td>\n",
       "      <td>-0.225822</td>\n",
       "      <td>-0.332274</td>\n",
       "      <td>-0.209960</td>\n",
       "      <td>-0.364477</td>\n",
       "      <td>-0.410935</td>\n",
       "      <td>0.430118</td>\n",
       "      <td>1.000000</td>\n",
       "      <td>0.314876</td>\n",
       "      <td>0.200854</td>\n",
       "      <td>0.947184</td>\n",
       "      <td>-0.261165</td>\n",
       "      <td>-0.065548</td>\n",
       "      <td>-0.373576</td>\n",
       "      <td>-0.160626</td>\n",
       "    </tr>\n",
       "    <tr>\n",
       "      <th>Q_MUD</th>\n",
       "      <td>-0.003730</td>\n",
       "      <td>0.069367</td>\n",
       "      <td>0.069368</td>\n",
       "      <td>0.479940</td>\n",
       "      <td>-0.003697</td>\n",
       "      <td>-0.054162</td>\n",
       "      <td>0.588991</td>\n",
       "      <td>0.005391</td>\n",
       "      <td>-0.012327</td>\n",
       "      <td>0.476968</td>\n",
       "      <td>0.314876</td>\n",
       "      <td>1.000000</td>\n",
       "      <td>0.178476</td>\n",
       "      <td>0.280873</td>\n",
       "      <td>-0.026626</td>\n",
       "      <td>-0.060510</td>\n",
       "      <td>-0.061495</td>\n",
       "      <td>-0.066758</td>\n",
       "    </tr>\n",
       "    <tr>\n",
       "      <th>Q_TSP</th>\n",
       "      <td>0.414637</td>\n",
       "      <td>0.283517</td>\n",
       "      <td>0.283503</td>\n",
       "      <td>0.012655</td>\n",
       "      <td>0.414617</td>\n",
       "      <td>-0.090544</td>\n",
       "      <td>-0.045415</td>\n",
       "      <td>0.476144</td>\n",
       "      <td>-0.148278</td>\n",
       "      <td>0.097391</td>\n",
       "      <td>0.200854</td>\n",
       "      <td>0.178476</td>\n",
       "      <td>1.000000</td>\n",
       "      <td>0.164735</td>\n",
       "      <td>0.220864</td>\n",
       "      <td>-0.097695</td>\n",
       "      <td>-0.117831</td>\n",
       "      <td>-0.175240</td>\n",
       "    </tr>\n",
       "    <tr>\n",
       "      <th>Q_RSP</th>\n",
       "      <td>-0.190215</td>\n",
       "      <td>0.113568</td>\n",
       "      <td>0.113526</td>\n",
       "      <td>-0.094964</td>\n",
       "      <td>-0.190189</td>\n",
       "      <td>-0.261538</td>\n",
       "      <td>-0.172280</td>\n",
       "      <td>-0.327387</td>\n",
       "      <td>-0.344888</td>\n",
       "      <td>0.390561</td>\n",
       "      <td>0.947184</td>\n",
       "      <td>0.280873</td>\n",
       "      <td>0.164735</td>\n",
       "      <td>1.000000</td>\n",
       "      <td>-0.232662</td>\n",
       "      <td>-0.032929</td>\n",
       "      <td>-0.342415</td>\n",
       "      <td>-0.185238</td>\n",
       "    </tr>\n",
       "    <tr>\n",
       "      <th>Q75</th>\n",
       "      <td>0.900475</td>\n",
       "      <td>0.927084</td>\n",
       "      <td>0.927088</td>\n",
       "      <td>0.467853</td>\n",
       "      <td>0.900474</td>\n",
       "      <td>0.713951</td>\n",
       "      <td>0.486698</td>\n",
       "      <td>0.814728</td>\n",
       "      <td>0.628848</td>\n",
       "      <td>-0.300600</td>\n",
       "      <td>-0.261165</td>\n",
       "      <td>-0.026626</td>\n",
       "      <td>0.220864</td>\n",
       "      <td>-0.232662</td>\n",
       "      <td>1.000000</td>\n",
       "      <td>-0.068653</td>\n",
       "      <td>0.559571</td>\n",
       "      <td>-0.071681</td>\n",
       "    </tr>\n",
       "    <tr>\n",
       "      <th>3Ga</th>\n",
       "      <td>-0.091443</td>\n",
       "      <td>-0.102415</td>\n",
       "      <td>-0.102419</td>\n",
       "      <td>-0.020581</td>\n",
       "      <td>-0.091451</td>\n",
       "      <td>0.008453</td>\n",
       "      <td>-0.022178</td>\n",
       "      <td>-0.060372</td>\n",
       "      <td>0.016830</td>\n",
       "      <td>-0.000894</td>\n",
       "      <td>-0.065548</td>\n",
       "      <td>-0.060510</td>\n",
       "      <td>-0.097695</td>\n",
       "      <td>-0.032929</td>\n",
       "      <td>-0.068653</td>\n",
       "      <td>1.000000</td>\n",
       "      <td>0.336767</td>\n",
       "      <td>0.298464</td>\n",
       "    </tr>\n",
       "    <tr>\n",
       "      <th>3Gr</th>\n",
       "      <td>0.475222</td>\n",
       "      <td>0.453559</td>\n",
       "      <td>0.453584</td>\n",
       "      <td>0.360604</td>\n",
       "      <td>0.475223</td>\n",
       "      <td>0.583013</td>\n",
       "      <td>0.475239</td>\n",
       "      <td>0.560436</td>\n",
       "      <td>0.649138</td>\n",
       "      <td>-0.211371</td>\n",
       "      <td>-0.373576</td>\n",
       "      <td>-0.061495</td>\n",
       "      <td>-0.117831</td>\n",
       "      <td>-0.342415</td>\n",
       "      <td>0.559571</td>\n",
       "      <td>0.336767</td>\n",
       "      <td>1.000000</td>\n",
       "      <td>0.237387</td>\n",
       "    </tr>\n",
       "    <tr>\n",
       "      <th>2GMM</th>\n",
       "      <td>-0.110045</td>\n",
       "      <td>-0.148265</td>\n",
       "      <td>-0.148206</td>\n",
       "      <td>0.018125</td>\n",
       "      <td>-0.110062</td>\n",
       "      <td>0.053070</td>\n",
       "      <td>0.087697</td>\n",
       "      <td>0.005819</td>\n",
       "      <td>0.145141</td>\n",
       "      <td>-0.046901</td>\n",
       "      <td>-0.160626</td>\n",
       "      <td>-0.066758</td>\n",
       "      <td>-0.175240</td>\n",
       "      <td>-0.185238</td>\n",
       "      <td>-0.071681</td>\n",
       "      <td>0.298464</td>\n",
       "      <td>0.237387</td>\n",
       "      <td>1.000000</td>\n",
       "    </tr>\n",
       "  </tbody>\n",
       "</table>\n",
       "</div>"
      ],
      "text/plain": [
       "              SW        WW       RSP       MUD       TSP       PUB    LogMUD  \\\n",
       "SW      1.000000  0.853550  0.853557  0.440511  1.000000  0.721088  0.444314   \n",
       "WW      0.853550  1.000000  1.000000  0.441782  0.853560  0.625887  0.445836   \n",
       "RSP     0.853557  1.000000  1.000000  0.441805  0.853567  0.625916  0.445880   \n",
       "MUD     0.440511  0.441782  0.441805  1.000000  0.440524  0.508691  0.882483   \n",
       "TSP     1.000000  0.853560  0.853567  0.440524  1.000000  0.721101  0.444329   \n",
       "PUB     0.721088  0.625887  0.625916  0.508691  0.721101  1.000000  0.550083   \n",
       "LogMUD  0.444314  0.445836  0.445880  0.882483  0.444329  0.550083  1.000000   \n",
       "LogTSP  0.887292  0.729871  0.729909  0.448363  0.887274  0.686285  0.514843   \n",
       "LogPUB  0.625879  0.531542  0.531600  0.511305  0.625886  0.931054  0.626122   \n",
       "Q_PUB  -0.155615 -0.186502 -0.186493 -0.016939 -0.155583  0.045741  0.000291   \n",
       "Q_KBI  -0.225854  0.052104  0.052045 -0.124428 -0.225822 -0.332274 -0.209960   \n",
       "Q_MUD  -0.003730  0.069367  0.069368  0.479940 -0.003697 -0.054162  0.588991   \n",
       "Q_TSP   0.414637  0.283517  0.283503  0.012655  0.414617 -0.090544 -0.045415   \n",
       "Q_RSP  -0.190215  0.113568  0.113526 -0.094964 -0.190189 -0.261538 -0.172280   \n",
       "Q75     0.900475  0.927084  0.927088  0.467853  0.900474  0.713951  0.486698   \n",
       "3Ga    -0.091443 -0.102415 -0.102419 -0.020581 -0.091451  0.008453 -0.022178   \n",
       "3Gr     0.475222  0.453559  0.453584  0.360604  0.475223  0.583013  0.475239   \n",
       "2GMM   -0.110045 -0.148265 -0.148206  0.018125 -0.110062  0.053070  0.087697   \n",
       "\n",
       "          LogTSP    LogPUB     Q_PUB     Q_KBI     Q_MUD     Q_TSP     Q_RSP  \\\n",
       "SW      0.887292  0.625879 -0.155615 -0.225854 -0.003730  0.414637 -0.190215   \n",
       "WW      0.729871  0.531542 -0.186502  0.052104  0.069367  0.283517  0.113568   \n",
       "RSP     0.729909  0.531600 -0.186493  0.052045  0.069368  0.283503  0.113526   \n",
       "MUD     0.448363  0.511305 -0.016939 -0.124428  0.479940  0.012655 -0.094964   \n",
       "TSP     0.887274  0.625886 -0.155583 -0.225822 -0.003697  0.414617 -0.190189   \n",
       "PUB     0.686285  0.931054  0.045741 -0.332274 -0.054162 -0.090544 -0.261538   \n",
       "LogMUD  0.514843  0.626122  0.000291 -0.209960  0.588991 -0.045415 -0.172280   \n",
       "LogTSP  1.000000  0.709400 -0.164536 -0.364477  0.005391  0.476144 -0.327387   \n",
       "LogPUB  0.709400  1.000000  0.075691 -0.410935 -0.012327 -0.148278 -0.344888   \n",
       "Q_PUB  -0.164536  0.075691  1.000000  0.430118  0.476968  0.097391  0.390561   \n",
       "Q_KBI  -0.364477 -0.410935  0.430118  1.000000  0.314876  0.200854  0.947184   \n",
       "Q_MUD   0.005391 -0.012327  0.476968  0.314876  1.000000  0.178476  0.280873   \n",
       "Q_TSP   0.476144 -0.148278  0.097391  0.200854  0.178476  1.000000  0.164735   \n",
       "Q_RSP  -0.327387 -0.344888  0.390561  0.947184  0.280873  0.164735  1.000000   \n",
       "Q75     0.814728  0.628848 -0.300600 -0.261165 -0.026626  0.220864 -0.232662   \n",
       "3Ga    -0.060372  0.016830 -0.000894 -0.065548 -0.060510 -0.097695 -0.032929   \n",
       "3Gr     0.560436  0.649138 -0.211371 -0.373576 -0.061495 -0.117831 -0.342415   \n",
       "2GMM    0.005819  0.145141 -0.046901 -0.160626 -0.066758 -0.175240 -0.185238   \n",
       "\n",
       "             Q75       3Ga       3Gr      2GMM  \n",
       "SW      0.900475 -0.091443  0.475222 -0.110045  \n",
       "WW      0.927084 -0.102415  0.453559 -0.148265  \n",
       "RSP     0.927088 -0.102419  0.453584 -0.148206  \n",
       "MUD     0.467853 -0.020581  0.360604  0.018125  \n",
       "TSP     0.900474 -0.091451  0.475223 -0.110062  \n",
       "PUB     0.713951  0.008453  0.583013  0.053070  \n",
       "LogMUD  0.486698 -0.022178  0.475239  0.087697  \n",
       "LogTSP  0.814728 -0.060372  0.560436  0.005819  \n",
       "LogPUB  0.628848  0.016830  0.649138  0.145141  \n",
       "Q_PUB  -0.300600 -0.000894 -0.211371 -0.046901  \n",
       "Q_KBI  -0.261165 -0.065548 -0.373576 -0.160626  \n",
       "Q_MUD  -0.026626 -0.060510 -0.061495 -0.066758  \n",
       "Q_TSP   0.220864 -0.097695 -0.117831 -0.175240  \n",
       "Q_RSP  -0.232662 -0.032929 -0.342415 -0.185238  \n",
       "Q75     1.000000 -0.068653  0.559571 -0.071681  \n",
       "3Ga    -0.068653  1.000000  0.336767  0.298464  \n",
       "3Gr     0.559571  0.336767  1.000000  0.237387  \n",
       "2GMM   -0.071681  0.298464  0.237387  1.000000  "
      ]
     },
     "execution_count": 68,
     "metadata": {},
     "output_type": "execute_result"
    }
   ],
   "source": [
    "allCols = ['SW', 'WW', 'RSP',\n",
    "           'MUD', 'TSP', 'PUB', #'LogTSP', \n",
    "           'LogMUD',  'LogTSP', 'LogPUB', \n",
    "           'Q_PUB', 'Q_KBI', 'Q_MUD', 'Q_TSP', 'Q_RSP', \n",
    "           'Q75',\n",
    "           '3Ga', '3Gr', '2GMM', \n",
    "          ]\n",
    "final_metrics[allCols].corr()"
   ]
  },
  {
   "cell_type": "markdown",
   "id": "45cfbe3c-bd4d-4d91-9562-c828c49d422f",
   "metadata": {},
   "source": [
    "## WW, SW, WS Correlation \n",
    "A weak correlation with similar distributions happens when variables change together but not consistently (scattered points but similar overall shape), often due to a lurking variable (like temperature affecting both ice cream sales and sunburns) or non-linear patterns (curved relationships that correlation misses). Conversely, similar distributions with a strong correlation (even weak overall) can occur if data is split into subgroups with opposite trends (e.g., one group increasing, another decreasing) causing them to cancel out when combined, creating a deceptive weak overall correlation despite clear patterns within subgroups"
   ]
  },
  {
   "cell_type": "code",
   "execution_count": 87,
   "id": "1109d3e7-58ef-4612-8173-44f72bc3fde6",
   "metadata": {},
   "outputs": [
    {
     "name": "stdout",
     "output_type": "stream",
     "text": [
      "          WW        SW        WS\n",
      "WW  1.000000  0.853550  0.698604\n",
      "SW  0.853550  1.000000  0.560731\n",
      "WS  0.698604  0.560731  1.000000\n"
     ]
    },
    {
     "data": {
